90	29.47	1.710	1.640	0.8597	0.2162		33.8959
95	26.58	1.628	1.392	0.7348	0.1880		30.5228
100	24.02	1.546	1.186	0.6313	0.1638		27.5471
105	21.78	1.472	1.018	0.5449	0.1433		24.9582
110	19.84	1.398	0.8754	0.4721	0.1257		22.7112
115	18.13	1.332	0.7546	0.4107	0.1106		20.7379
120	16.63	1.269	0.6561	0.3598	0.09756		19.0125
125	15.31	1.211	0.5729	0.3158	0.08634		17.4960
130	14.12	1.154	0.5008	0.2778	0.07658		16.1292
135	13.08	1.1	0.439	0.2453	0.0681		14.9324
140	12.13	1.052	0.3857	0.2172	0.06072		13.8456
145	11.27	1.004	0.3406	0.193	0.05435		12.8620
150	10.5	0.9617	0.3001	0.1713	0.04869		11.9818
155	9.795	0.918	0.2646	0.1525	0.04374		11.1738
160	9.08	0.8787	0.2291	0.1334	0.03942		10.3606
165	8.319	0.8517	0.2107	0.1233	0.03559		9.5403
170	7.729	0.8173	0.1883	0.1106	0.03219		8.8774
175	7.211	0.7814	0.1689	0.0995	0.02918		8.2900
180	6.739	0.748	0.1521	0.08917	0.02652		7.7548
185	6.295	0.7193	0.1387	0.08139	0.02414		7.2585
190	5.896	0.6925	0.1253	0.07366	0.02206		6.8095
195	5.551	0.6643	0.1138	0.06699	0.02016		6.4163
200	5.249	0.6371	0.1032	0.06096	0.01849		6.0688
210	4.723	0.5869	0.08557	0.05068	0.01562		5.4618
220	4.288	0.542	0.07142	0.04235	0.0133		4.9571
230	3.908	0.5011	0.06006	0.0356	0.01143		4.5162
240	3.581	0.4641	0.05075	0.02999	0.009873	4.1357
250	3.312	0.4304	0.04308	0.0254	0.008593	3.8195
260	3.072	0.3988	0.03674	0.02158	0.007524	3.5366
270	2.864	0.3715	0.03146	0.01839	0.006636	3.2920
280	2.696	0.3461	0.027	0.01575	0.005889	3.0907
290	2.546	0.3226	0.02333	0.01355	0.005256	2.9107
300	2.418	0.301	0.02018	0.01169	0.004719	2.7556
320	2.248	0.2622	0	0	0		2.5102
340	2.199	0.2286	0	0	0		2.4276
360	2.359	0.2018	0	0	0		2.5608
380	2.263	0.1807	0	0	0		2.4437
400	2.035	0.1619	0	0	0		2.1969
450	1.356	0.1235	0	0	0		1.4795
500	0.8497	0.09491	0	0	0		0.9446
550	0.5259	0.07356	0	0	0		0.5995
600	0.3275	0.05763	0	0	0		0.3851
650	0.2064	0.04556	0	0	0		0.2520
700	0.132	0.03635	0	0	0		0.1684
750	0.08587	0.02924	0	0	0		0.1151
800	0.05665	0.02371	0	0	0		0.0804
850	0.03786	0.01937	0	0	0		0.0572
900	0.02561	0.01595	0	0	0		0.0416
950	0.01752	0.01321	0	0	0		0.0307
1000	0.0121	0.01103	0	0	0		0.0231
